10
-0.000013264203002354869192786629428226774507493246346712112427;0.000093588670001089845334324435199846448085736483335494995117;-0.026670057900950817908469758776845992542803287506103515625000;0.188176800077621331208632682319148443639278411865234375000000;
-0.000116466854994386195755635970972008408352849073708057403564;-0.000685856695004682481546509631442631871323101222515106201172;-0.527201188930919828479204625182319432497024536132812500000000;0.688459039452592125307717196847079321742057800292968750000000;
0.001992405294990849933672860672118076763581484556198120117188;0.001395351746994079843167124721503569162450730800628662109375;-0.281172343660426482525593883110559545457363128662109375000000;-0.249846424326488653067102063687343616038560867309570312500000;
-0.010733175482979603540534263572681084042415022850036621093750;0.003606553566988394358278080531476916803512722253799438476562;0.195946274376596646371595511482155416160821914672851562500000;0.127369340335742653458339646022068336606025695800781250000000;
0.033212674058933237819513095701040583662688732147216796875000;-0.029457536821945670690858776197273982688784599304199218750000;-0.093057364603806591585311025482951663434505462646484375000000;-0.071394147165860774584267289810668444260954856872558593750000;
-0.071394147165860774584267289810668444260954856872558593750000;0.093057364603806591585311025482951663434505462646484375000000;0.029457536821945670690858776197273982688784599304199218750000;0.033212674058933237819513095701040583662688732147216796875000;
0.127369340335742653458339646022068336606025695800781250000000;-0.195946274376596646371595511482155416160821914672851562500000;-0.003606553566988394358278080531476916803512722253799438476562;-0.010733175482979603540534263572681084042415022850036621093750;
-0.249846424326488653067102063687343616038560867309570312500000;0.281172343660426482525593883110559545457363128662109375000000;-0.001395351746994079843167124721503569162450730800628662109375;0.001992405294990849933672860672118076763581484556198120117188;
0.688459039452592125307717196847079321742057800292968750000000;0.527201188930919828479204625182319432497024536132812500000000;0.000685856695004682481546509631442631871323101222515106201172;-0.000116466854994386195755635970972008408352849073708057403564;
0.188176800077621331208632682319148443639278411865234375000000;0.026670057900950817908469758776845992542803287506103515625000;-0.000093588670001089845334324435199846448085736483335494995117;-0.000013264203002354869192786629428226774507493246346712112427;
